4411114411444144. 144. ιιι. sc. 11. 14119

4111144 4111444114 4414141144 411, 41444114 4444 111141444111411444
4411 4441444114. 11444111. 111414 441441 414144444114, qun 441
44 1111411144144414141] 1144 41411411444 4441111144,41 pudorem,
411 4411444 44111411 legendum 411. 41 14441414 cupidinem, 1141141 1114·
1114 44114 4411441144114 14111 411141. 1414, 4414411141 41441441, 41 cugnntnm

111, pro 414111. Idem. 4444414441 1141441141.

41 11111111 144 441114 4141411441] 44 Non 411411] 14434444444141
Lectio 111111 1141411141,111 4114411411- nuptm, 1114144111441 111 411, 111441
11111441, 1411441 111144 1111144141. F·- 4111144441444411414 4414,’ 111 411,
ι11444. 11414441114411144114441411111

4111141444, 11 me 4114] 1141 44 444411441411. 444 virgo· 4414
441111 41114141 4111, 11114144 44141111-1111414 4411144414 virginet 4414141
m: 1111411414 444111. 41411441 41 4114111414 411. 11144141.
1441,1411114141114111 11444144. ·49 41 1441141 1111] 81 4441411.

1144144111] 111 411111,1111]114,1144ι 14111.

4441, 414. Faber. Μι1441141114,11.]114414414414-
14441144]1444114414111.11444111. gendum. 011411 411441 4411114 11111.
41 1141141111] vniam 1111414. Et 1411111414 arguit, qui 1144441,41141”4·

4414414414 411 1111111441 41414114, 14 ,41141 11. 41 meorum 1111111. 1111111141.

qn· 411114 44414111, 4441141144141· 111111 14111114 111 4441141] 14411114

1111 44411414441114411 44 411414 pnr- 11414 114 44414444 4411 1144 411, 4444·

141111144411144414. 14141 141 pto 144 141111. Vel 114, 4444141
44 Quapropter 441141 poeto] Con· 41 ego 141144 11141111. 8441441144 44411

me 41 pro 4411444,41414-ι4411414 14414. 11144141.

1144 11141414 4111 eumque 14 141111 4111111141] 4114111441. 1411144141.

4441144144 4444444411141.14111. 441141144414444111 1141414 4111
44 Nous-eim] 1114141144, 41111, 1144044441414444411411411444-

4144441441144411141411,411441111 41414 44111414 11144141.

44114444141441144444111114414·0444111111 4144414 141 1141] 0114.

14114441, 414444441441411111441 114· Fastorum. 11. 0441414 41441 14411

41 4144441414 1114114111 4411144141, 144141 4144114411 11441. (1444411444

quum 11444111. 14141. 141114 1411411 4111144 44444111. 114144·
0411 4411]14 4411. 14111111, 14111 1141.

44411 141141. 41111111 1114 41144] 1144111114·
44114411 1111411 414 441111 1141] 1414441144, paetum 41414, 441 pro·

1411441441411114111414111 41144114- 41111441. Et 11444 141414 4144141114

1444441441141444411411141144411411 414111 414111 14114414 4414114441.

441414. Dm. 11444141.

Qumis 4114 4444 1114141] 114414 ma] 111114 14111441. 111111.
nibil 11414441. 14141. 111141414114414144111441144114111·

11 Ρ114414 1444141414]441141111- 41111411,1·1.] 1114411441, 4. g. 14141-
14414 411 4411441 4114411441, 41444· 4441111144411441 41414, promissum:
1441414114 41411. 14141. 411444104441111. 444441414414

1141 preterea 114 14141144 11 411 14141414111414141441,411111,441414·
4141] 1114411441,4111414144144444- 1111441 414114 1111414413 111411114 4411
1441. Et 1444114 4111144114 4111 414· 14144141 14141414111111414444,44 411·
41441414114111144414114441,1Ρ14111· 141114 114411. 0441141 44114 1111141111.
gine 4411 nuptum.⁸ 11141. mo: 11441414 444 4441141111 111414 41·

1110411414114111141]Ρ4441,444 44 14 4441, qun 44114111 4141144441
14444114 441, 111 4444141144. 11444 44444 pretim ncceperit, 14414 441

 

