1111 11111111111111 111

1111111111111. 1111111111. 1111111111, 11111111111111111111Ἧ1
1111111] ΑΙ. 1111111111 11. 11111111· 11111111 11111 ndu! 111111 CH·
11111111111111111111, 111111111111. 111111 1111111111111111111111111 111·
ranam nl 111111111111 11111111 Postu. 11
1111111111111111111111111111] 11111 minuandum
1111111 111111 111 1111111111 „bon 1111111111.
eutr. 1111111111111111111. 1111111· 11 11111]’1“11111111111υ 111·
11111111111111111111111η111111111- 11111, 111 11111111111111111. Nn
111111 111111 1111 11111 1111111111. 1111111 11111, 11111 1111111111. 11111
8111111111111111111111. Iden. 1111111111111111111111111111111111.
11 Namque-equitum] 11111 11111111 1111 11111111 daho.
811111(11111111.11111111.1.)1111μ4- 1111111111.
mm *11111 111111 1111111111111· [1111111 111] vnum 1111111111.
111111111111,111111111111111111111- 11111111111111111111111111111. 111111
111111111111111111, 11 11 1111111 11111111111111. 1111111111111111111
11111 perdum 8111 111 11111 1111 111111111111111111111111.’ Ida.
1111111111. nectem ΔΙφιε1111111.]111111,11111111111.
11 Mino, 11111111] Uber 11111111· 1111111111 111111 111111 1111111 be:
11111 11 111111111111 uo,- qnod 111111 1111111,11111111 11111111. rm
111111111111.111111111111111111· n 111111111111](11111111111111
1111111111 1111111111 111 mox 11111111 111111111111111111111111,11111111 11-
1111111111111111111111111111· 1111111111,111111111111111ι 1111111.
11111111, 111111 1111111111111 mihi! 0111111111111111111111111111111·
1111111 1111111111 1111111 Bembina 11111111111111111111111111111, 1111111·
111111111, 111111 111 11111 1111 11111, 11111111111111111111111111111,“1111
111 111111 11111111 ι1111111111111111 1111111111,111111111.’ anuph
111111 d.- 1111111111111111111,11111 fl Non 111111111111111] 111111
111111111111,111111111111.’ 11111111. 11 11111111, quemdam 11111 11·
111 1111111111 1111111] 111111 1111111· 1111111111.
1111111 111111111111111111111 1111 11111111111111111111. Cu· 111]
1111111111,1111111111111111111111 11111111 0111111111 1111111111 11111 11111111·
111111, 11111 1111 11111 1111111111, 111111 0111111111 111111 »1115111111
111111 quod 111 1111111111 11111111111- 111111. 11111111 11111 11111 1111ςί111
1111111. 11111111 jungit: 1111111111 1111111111,11111111111111,1111111·
11111 111 11111 m 1111111, 1311111111 1111111111111111111111111111·
2111111111. 111111 11 1111 11 111111 1111111111
11 1111111111 1111111 1111, 111111 111· dignum 11111. 1111 111111 11111111·
1111111 11111] 111111111111 1111111111 1111111 1111111111111111111, 111111, 11111·
1111111111111,1111111111 11111111 1111· 11111 1111111111 1111111, 11111 11111·
11111111111. inque 1111111111 11111 1111111111111111111 11111111111111·
111 11111111 11111111 11111 111111 m. 1111111111111111111111111 111, 11111111,
11111 111111111 11111111, 1111111111, 11111 11111111 11111, 1111 dim 111
mmm 1111111111 111. 81· 111111 1111111,1111111111. 1111111111
1111111111111111111111 1111111111 111111 1111111111 utque 1111111111
redut 111111, Μ ΝΜ· 11 110111111- 1111111111 11111111 111111111, 1111-
111111 cumton 11111 11111111111111 111111111111111111,11111111111111
111111,11111111111 11111111111111111· 11111111111 11111111. nnana.
11111 11111111 1111111111111111111111· Nn 11 11 1111111· d 111111] 11111·
11111111111111111111. 1111111111· 11111111111111 1111111 1111111111·

1111, 111 1111111 1111111 1111 1111111, 111,11 11 11111111 11111 1111111111

 

