1101 uon 11111111 11

11111 11111111 1111111. 111111. 1111111111111111111111111. Mo·
1111111111] 11111111, 11111111 111.

1111111111, menda. 1111111111. 11111111 inperito 111111, lm] 111
111-11111] 1111111111. 1111111. 111 111 uuunder. omn’tntu
Pm] Non 11111111. Iden. 11111, 111 1111 11111, 'mmuh-
11111111]111111111111. Idan. 111111.

111111 11 11111111] (1111111111 1111111 qud lpnsoefl] 11111111.

&mmmmm 11111111 pumen 1111111111,
11 1111111111111111111111111]1111 11111 111111111111. Mu

1111 111111111111τ 111111 11111111. 111111 mm pfl] 1111111 nd.

11111111111111111 1111111 111111. Nm 111 1111111 lupuit-m 111.

ιω 011111111111111111111111,1111
Mn 11111 11111111111111111 1111111111111.111ι.

1111 11111111111111111111111111111- 1ο Qum 11111] Dent 111111,

tiz-dm 111,11111111111111 111111- 11111111. 11111.

1111 111111. 111 1111111111111 111 011111,111111]11111,11111111·

Eu, 111 11111111. 11111. 1111111. Ida.
11111111111,Μί111,1111,11111111] 11111111111111Πι111111111111

1111, proin 11111111 1111, 1111111. 11. 111111111111 1111, 111 1111111111 ve-
1111 111 1111· nia· 111111] non·- 11111111. ua.

1111111111111. 1111111111 11111111, 11 Nn 111 min] 1111 11111-

11 11111 11111111 111 1111111111. 1111 um 11111111 flagiti-u 111

1111 1111 1111 1111 1. 11111 11111 1111 1111 111111111, 11 1111 11111111111·

1111 1.(11111 1111. 1. 1. 1111 1111111 111 pronuntiandum 1111 11 11 11111,

loquor, 11 11 1111111111 petuam 81111111111111 11111111111111, 11-

1111111111111111111,11111111111111- 1111111 111,111 111 1111111111. 11

gerucchet, 11 11111111 1111111111 1111111111111 111111 1111111111

1111111111111111111. inponam 11111111111111.1111.
1111111111 unu-pt· 11111]1)1111 Ν1111111111111,1111111111,11111«

111. 11111111111111111111111111· 11111111 11111111] 11111 respondit, 11

111. 11111 1111· 11 11 pronuntiandum 11111111, 11111 111 111111111 11111

1111111111111111,111111111111 111· 1111. Nm 1111 111 1111, ‘Erip-it

1111111 111111. 1111111 111 111111· 111111111111 11111111’11111111111

111 11111111 1111111111111 11111. 11111. 0111111111 1111 11111111

11111111. quui u 1111 furem, pum.- qud
11111111 muniti-iu] 1111111 ιο· 1111 1111111111 1111111111 111, 111

1111111,’81111 111111111111111- 111111 1111111, 1111 111111, 11 111,

1111111111 11111, ‘An 11111 11111 *1111111111111111

111111111111111111111111 Idm. 11111111 mittum] 0111 111111
18 11111111 11111111 unqu quid· 11 flagitio 11111111111111. 011 ge·

11111 1111111111] 11111111111111 opud 1111111111 1111111111 1111111011·

1111111 11 ipso 11111111 apud 1111. 11111 1111111111 11. 11. 111. 111-

11111111111111 11111111111011111,11011111111
111111111111111,1·1.]Ρ1111111111 1111 111111111111111111111 111111

1111111111111111111. 1111111111, cupam 11 eelim 111. 11. 111

111111111111111111111111111111. 111 1111. philosophi· 1111111 1111 111

11111 1111111 11 11111111, 11111111 11111, 111 11111111 patronum, qn-

11111111 agrestem, 1111111111 1111 11· Quoquo 111111 mrum 111111 111111-

11111 1111111, 11111111111 num 1111111111111111111111111111111-

1111111111111,11111111111’111,1111- 1111 1111111111 11111111111111111.

 

