1111111111111111111. 111. 1. sc. 11. 1111

11111111111111111111111111111111 1111. 1111111111.
emunda. 81111111111111, W vm, 11] 1111111111 11111 odim

ωηα11111111111111111111111 11111111111111111111111111. 111111-
11111111111111111111.1111.

Mn] 11111 1111111111 111111111 1111111111 111] 111111 1111111111,
11111111,1111111111. rm 11111111111111111111111111 1111
11 1311111111] 1111111111111· 111111 11111111,111111111111 1111 111.
1111111111111111111111 1111111111· 111111111111111111,111111111111,11
11111111 111.1 11111111. 11111, 111 primus 111 111 1111111111,
11 111111111111111] 111111 111111, 11111111111111,111111111,11111.11
11 111, 1111111111 11111111. 111111· 11111111111111111111111111111111.
111,1111111111·11 1111111 11111 11111111111111]11111,11111
Μ . 11111. 11111111.
. rue-mouit.- 11111] 1111111111 11111111111]11111111111.Ῑ1111.
1111111111111111111 1111111111, 11 111· 11 Ν111 11111111 1111 11111, qm 111]
uu. 1111. 1111111111 111111,11111111 111111111,
71111]11111111,1111111111,111 111 domnionem 11111,111111111
1111111111 1111111111. 11111. 1111111111111111111111. 11111.
mutumne-binnam 1111111111111111111111111111111
1111111111111111111111 1111111 111111· 1111, 111111, 1111 111111111,111111ι
11111 111111. 11111111. 1111111111 11111 1111111111. idm.
mimus-dehumabat] 111 111111 1111111111 1111] 11111111
111 utiq-inin! 111111 habnt, a! 111111111111111111111Λ111. ’
111. 1111 1111111 1111 1111111111 11111111111111111111111111111111
1111111 11 111, 111 11111 1111111. 11111111111111111111111111111111,
Id.. 111111 11111, 111111 11111, 111111 111-
1111111111111,11.]1111,11111 1111111 111 ilum 111111, monis,
dguifioentim 111 111 1111, 11111 11111111111111111111111111 11 111-
111. 111111111111111111111111· 1111, 11 1111111111 11111 11111,
dm· 111111 1111111, 11 11111111 11111 tibi 11111111111 1111111111
1111111111,111111111111111; 1111111 111111,- 111. 111 pouit 1111111111 Do·
1111 1111111111 1111111111, 11 animumanimum
1111 11111111111111111111 11111, 111 111 11111111 111 11111111. num
11111111111111111111111111111 110111111111111111110111
lnporum 1111111 1111 11111 11111- 111,1111111,11111111111111 11111111. .

¹ mmmmm-pponam 81Ν111111111111111111111111 ·

111 111ι1111111 1111111111 1111 111111· 111111111111111111111111111111111111

1 111 11 1111111111 1111111111, 11111 n· 111111 1111111. 11111.

1111,11 nentium 1111111111 1111- Nm 11111 1111 dm 111] Ρ11111Μ

ἶ 111,111111111111111 11 indign-tim 111111111111111111111 11111111

111111111. 11111111 mn 1111, 11- 1111111111111111111111111111111,111

, 111111111111111111111111111111, 11 11111111111111111,1111111111 111.

interpretaione 11111111111111111111 1111111111111111111111111111111.11
1111111111111111111111111111111111 1111111 1111111111111111, 11 11111111
1111111111111111111111.Ρ111111 11 11111111111111111111,

111111111111111111111111111111111, 11111111 11111111111111111 11111111·
111 111 111] Vide 111111 1111 1111 11111. 11111111 1111111111, 111 epm
11111111η, 11111111111111111111111 1111111111 11111111 1111111111 11111
11111. 1111111 bumm- 11111 11111111111 11111111111111111111
11111111 1111111111, Panlo 1111 a 111111111111 11111 1111111, 11 1111-
hm, 11111111111111 uum 111 111111111111111111 11111111 111111.

 

